1.000000000000000000e+01 3.879926458478623991e-09 3.843547585483551923e-09
2.000000000000000000e+01 3.879224562030850636e-09 3.815228884084902665e-09
3.000000000000000000e+01 3.877221342338026984e-09 3.787958060748948620e-09
4.000000000000000000e+01 3.873174775612403216e-09 3.760982447978095885e-09
5.000000000000000000e+01 3.866497303546585064e-09 3.734119559181886558e-09
6.000000000000000000e+01 3.856874549107798796e-09 3.707316036740355947e-09
7.000000000000000000e+01 3.844268710981433919e-09 3.680556096150767084e-09
8.000000000000000000e+01 3.828855179704739105e-09 3.653837102018687730e-09
9.000000000000000000e+01 3.810940664572329466e-09 3.627161784808311341e-09
1.000000000000000000e+02 3.790890816752161620e-09 3.600535419504638677e-09
1.100000000000000000e+02 3.769078170957556987e-09 3.573964614144083458e-09
1.200000000000000000e+02 3.745850465766029785e-09 3.547456677881624125e-09
1.300000000000000000e+02 3.721514839115721132e-09 3.521019234929636616e-09
1.400000000000000000e+02 3.696332644740593978e-09 3.494659966529471176e-09
1.500000000000000000e+02 3.670520536468748371e-09 3.468386432674860846e-09
1.600000000000000000e+02 3.644254755203167025e-09 3.442205949178078807e-09
1.700000000000000000e+02 3.617676682723945419e-09 3.416125504992849441e-09
1.800000000000000000e+02 3.590898549892989743e-09 3.390151709228038129e-09
1.900000000000000000e+02 3.564008726525461243e-09 3.364290760044795806e-09
2.000000000000000000e+02 3.537076347341283546e-09 3.338548429580298950e-09
2.100000000000000000e+02 3.510155212984794147e-09 3.312930060501727551e-09
2.200000000000000000e+02 3.483287000657035505e-09 3.287440570896690490e-09
2.300000000000000000e+02 3.456503861938068083e-09 3.262084465041990072e-09
2.400000000000000000e+02 3.429830499081300629e-09 3.236865848213277605e-09
2.500000000000000000e+02 3.403285809471279273e-09 3.211788444166646688e-09
2.600000000000000000e+02 3.376884179200144921e-09 3.186855614268620864e-09
2.700000000000000000e+02 3.350636495367935025e-09 3.162070377514175081e-09
2.800000000000000000e+02 3.324550935135050666e-09 3.137435430868065239e-09
2.900000000000000000e+02 3.298633578902369001e-09 3.112953169512961376e-09
3.000000000000000000e+02 3.272888885727783026e-09 3.088625706704637376e-09
3.100000000000000000e+02 3.247320061301899327e-09 3.064454893018313159e-09
3.200000000000000000e+02 3.221929342414814227e-09 3.040442334839339251e-09
3.300000000000000000e+02 3.196718216684840876e-09 3.016589412001871257e-09
3.400000000000000000e+02 3.171687592201015166e-09 2.992897294518379383e-09
3.500000000000000000e+02 3.146837928473921609e-09 2.969366958372391199e-09
3.600000000000000000e+02 3.122169337529823355e-09 2.945999200369860694e-09
3.700000000000000000e+02 3.097681661983277964e-09 2.922794652059718426e-09
3.800000000000000000e+02 3.073374535366878326e-09 2.899753792748168380e-09
3.900000000000000000e+02 3.049247428789108415e-09 2.876876961636943488e-09
4.000000000000000000e+02 3.025299687057191182e-09 2.854164369125120248e-09
4.100000000000000000e+02 3.001530556679721513e-09 2.831616107313267357e-09
4.200000000000000000e+02 2.977939207608069278e-09 2.809232159754807880e-09
4.300000000000000000e+02 2.954524750146475192e-09 2.787012410497132299e-09
4.400000000000000000e+02 2.931286248131332988e-09 2.764956652456640497e-09
4.500000000000000000e+02 2.908222729226579174e-09 2.743064595169971278e-09
4.600000000000000000e+02 2.885333192987007866e-09 2.721335871963314880e-09
4.700000000000000000e+02 2.862616617191742524e-09 2.699770046578728140e-09
4.800000000000000000e+02 2.840071962834926775e-09 2.678366619295760309e-09
4.900000000000000000e+02 2.817698178072158863e-09 2.657125032584574517e-09
5.000000000000000000e+02 2.795494201353348469e-09 2.636044676323236452e-09
5.100000000000000000e+02 2.773458963920058114e-09 2.615124892612269079e-09
5.200000000000000000e+02 2.751591391805590310e-09 2.594364980215229478e-09
5.300000000000000000e+02 2.729890407444586732e-09 2.573764198653648272e-09
5.400000000000000000e+02 2.708354930975454702e-09 2.553321771981781495e-09
5.500000000000000000e+02 2.686983881300169597e-09 2.533036892265971718e-09
5.600000000000000000e+02 2.665776176951863651e-09 2.512908722790075497e-09
5.700000000000000000e+02 2.644730736809775530e-09 2.492936401008831922e-09
5.800000000000000000e+02 2.623846480692319801e-09 2.473119041267235426e-09
5.900000000000000000e+02 2.603122329852522217e-09 2.453455737305097646e-09
6.000000000000000000e+02 2.582557207395034132e-09 2.433945564562233530e-09
6.100000000000000000e+02 2.562150038629750976e-09 2.414587582299943854e-09
6.200000000000000000e+02 2.541899751374052053e-09 2.395380835553479526e-09
6.300000000000000000e+02 2.521805276213113870e-09 2.376324356927391607e-09
6.400000000000000000e+02 2.501865546725946337e-09 2.357417168247188483e-09
6.500000000000000000e+02 2.482079499683203495e-09 2.338658282077429840e-09
6.600000000000000000e+02 2.462446075221687610e-09 2.320046703116935920e-09
6.700000000000000000e+02 2.442964216999349999e-09 2.301581429481032868e-09
6.800000000000000000e+02 2.423632872334161413e-09 2.283261453878751097e-09
6.900000000000000000e+02 2.404450992329259924e-09 2.265085764693989637e-09
7.000000000000000000e+02 2.385417531986568310e-09 2.247053346977615469e-09
7.100000000000000000e+02 2.366531450310548565e-09 2.229163183357330771e-09
7.200000000000000000e+02 2.347791710403527016e-09 2.211414254872318002e-09
7.300000000000000000e+02 2.329197279553730334e-09 2.193805541737755797e-09
7.400000000000000000e+02 2.310747129316922876e-09 2.176336024045276748e-09
7.500000000000000000e+02 2.292440235592520545e-09 2.159004682403935186e-09
7.600000000000000000e+02 2.274275578694778358e-09 2.141810498526686922e-09
7.700000000000000000e+02 2.256252143419574536e-09 2.124752455766207068e-09
7.800000000000000000e+02 2.238368919107218735e-09 2.107829539604620662e-09
7.900000000000000000e+02 2.220624899701749732e-09 2.091040738100042478e-09
8.000000000000000000e+02 2.203019083806886334e-09 2.074385042293950654e-09
8.100000000000000000e+02 2.185550474739020290e-09 2.057861446581893059e-09
8.200000000000000000e+02 2.168218080577402583e-09 2.041468949050750338e-09
8.300000000000000000e+02 2.151020914211646340e-09 2.025206551785390373e-09
8.400000000000000000e+02 2.133957993386866907e-09 2.009073261146533144e-09
8.500000000000000000e+02 2.117028340746413588e-09 1.993068088022325716e-09
8.600000000000000000e+02 2.100230983872385774e-09 1.977190048056203614e-09
8.700000000000000000e+02 2.083564955324014956e-09 1.961438161852002667e-09
8.800000000000000000e+02 2.067029292674007314e-09 1.945811455158913279e-09
8.900000000000000000e+02 2.050623038542891153e-09 1.930308959037516261e-09
9.000000000000000000e+02 2.034345240631424188e-09 1.914929710008310967e-09
9.100000000000000000e+02 2.018194951751159103e-09 1.899672750184316483e-09
9.200000000000000000e+02 2.002171229853167400e-09 1.884537127389071422e-09
9.300000000000000000e+02 1.986273138054997219e-09 1.869521895260984413e-09
9.400000000000000000e+02 1.970499744665885383e-09 1.854626113345221873e-09
9.500000000000000000e+02 1.954850123210271665e-09 1.839848847174199504e-09
9.600000000000000000e+02 1.939323352449652486e-09 1.825189168337487743e-09
9.700000000000000000e+02 1.923918516402776943e-09 1.810646154541981908e-09
9.800000000000000000e+02 1.908634704364291459e-09 1.796218889663487257e-09
9.900000000000000000e+02 1.893471010921760680e-09 1.781906463789517098e-09
1.000000000000000000e+03 1.878426535971203580e-09 1.767707973255313201e-09
1.010000000000000000e+03 1.863500384731065369e-09 1.753622520672228018e-09
1.020000000000000000e+03 1.848691667754770374e-09 1.739649214950492623e-09
1.030000000000000000e+03 1.833999500941766759e-09 1.725787171315713587e-09
1.040000000000000000e+03 1.819423005547207433e-09 1.712035511320015928e-09
1.050000000000000000e+03 1.804961308190204283e-09 1.698393362848689097e-09
1.060000000000000000e+03 1.790613540860746086e-09 1.684859860122003048e-09
1.070000000000000000e+03 1.776378840925248689e-09 1.671434143693167795e-09
1.080000000000000000e+03 1.762256351130888812e-09 1.658115360442275966e-09
1.090000000000000000e+03 1.748245219608571147e-09 1.644902663567241038e-09
1.100000000000000000e+03 1.734344599874716515e-09 1.631795212571117075e-09
1.110000000000000000e+03 1.720553650831835927e-09 1.618792173247011984e-09
1.120000000000000000e+03 1.706871536767906275e-09 1.605892717660121365e-09
1.130000000000000000e+03 1.693297427354629730e-09 1.593096024127420390e-09
1.140000000000000000e+03 1.679830497644547922e-09 1.580401277195412862e-09
1.150000000000000000e+03 1.666469928067080775e-09 1.567807667615627016e-09
1.160000000000000000e+03 1.653214904423523308e-09 1.555314392318476613e-09
1.170000000000000000e+03 1.640064617880987152e-09 1.542920654385622772e-09
1.180000000000000000e+03 1.627018264965395165e-09 1.530625663020668402e-09
1.190000000000000000e+03 1.614075047553445366e-09 1.518428633518651786e-09
1.200000000000000000e+03 1.601234172863698895e-09 1.506328787234360805e-09
1.210000000000000000e+03 1.588494853446735940e-09 1.494325351549550943e-09
1.220000000000000000e+03 1.575856307174427829e-09 1.482417559839222376e-09
1.230000000000000000e+03 1.563317757228373453e-09 1.470604651437038650e-09
1.240000000000000000e+03 1.550878432087530028e-09 1.458885871600026958e-09
1.250000000000000000e+03 1.538537565514999912e-09 1.447260471472532295e-09
1.260000000000000000e+03 1.526294396544123014e-09 1.435727708049668070e-09
1.270000000000000000e+03 1.514148169463787306e-09 1.424286844140186034e-09
1.280000000000000000e+03 1.502098133803057534e-09 1.412937148328860248e-09
1.290000000000000000e+03 1.490143544315067319e-09 1.401677894938636324e-09
1.300000000000000000e+03 1.478283660960333277e-09 1.390508363992293676e-09
1.310000000000000000e+03 1.466517748889384839e-09 1.379427841173849067e-09
1.320000000000000000e+03 1.454845078424796030e-09 1.368435617789770313e-09
1.330000000000000000e+03 1.443264925042639047e-09 1.357530990730068192e-09
1.340000000000000000e+03 1.431776569353399961e-09 1.346713262429033074e-09
1.350000000000000000e+03 1.420379297082325938e-09 1.335981740826040622e-09
1.360000000000000000e+03 1.409072399049285252e-09 1.325335739326271051e-09
1.370000000000000000e+03 1.397855171148121893e-09 1.314774576761226560e-09
1.380000000000000000e+03 1.386726914325568252e-09 1.304297577349448318e-09
1.390000000000000000e+03 1.375686934559685274e-09 1.293904070657059736e-09
1.400000000000000000e+03 1.364734542837907438e-09 1.283593391558445823e-09
1.410000000000000000e+03 1.353869055134654486e-09 1.273364880196937083e-09
1.420000000000000000e+03 1.343089792388571758e-09 1.263217881945576543e-09
1.430000000000000000e+03 1.332396080479413598e-09 1.253151747368015825e-09
1.440000000000000000e+03 1.321787250204584921e-09 1.243165832179418041e-09
1.450000000000000000e+03 1.311262637255320070e-09 1.233259497207676258e-09
1.460000000000000000e+03 1.300821582192601930e-09 1.223432108354468797e-09
1.470000000000000000e+03 1.290463430422753281e-09 1.213683036556794927e-09
1.480000000000000000e+03 1.280187532172764890e-09 1.204011657748496484e-09
1.490000000000000000e+03 1.269993242465370492e-09 1.194417352821847953e-09
1.500000000000000000e+03 1.259879921093873415e-09 1.184899507589605830e-09
1.510000000000000000e+03 1.249846932596726691e-09 1.175457512746966999e-09
1.520000000000000000e+03 1.239893646231947952e-09 1.166090763833952905e-09
1.530000000000000000e+03 1.230019435951286163e-09 1.156798661197791445e-09
1.540000000000000000e+03 1.220223680374230163e-09 1.147580609955683291e-09
1.550000000000000000e+03 1.210505762761839353e-09 1.138436019957628193e-09
1.560000000000000000e+03 1.200865070990432327e-09 1.129364305749650797e-09
1.570000000000000000e+03 1.191300997525099306e-09 1.120364886537055219e-09
1.580000000000000000e+03 1.181812939393103315e-09 1.111437186148051843e-09
1.590000000000000000e+03 1.172400298157171976e-09 1.102580632997510681e-09
1.600000000000000000e+03 1.163062479888648460e-09 1.093794660051065458e-09
1.610000000000000000e+03 1.153798895140577924e-09 1.085078704789367619e-09
1.620000000000000000e+03 1.144608958920674015e-09 1.076432209172554581e-09
1.630000000000000000e+03 1.135492090664227251e-09 1.067854619605034589e-09
1.640000000000000000e+03 1.126447714206968534e-09 1.059345386900522404e-09
1.650000000000000000e+03 1.117475257757812520e-09 1.050903966247205704e-09
1.660000000000000000e+03 1.108574153871620830e-09 1.042529817173256194e-09
1.670000000000000000e+03 1.099743839421883794e-09 1.034222403512571095e-09
1.680000000000000000e+03 1.090983755573390194e-09 1.025981193370719362e-09
1.690000000000000000e+03 1.082293347754864753e-09 1.017805659091159213e-09
1.700000000000000000e+03 1.073672065631593624e-09 1.009695277221691611e-09
1.710000000000000000e+03 1.065119363078062290e-09 1.001649528481254959e-09
1.720000000000000000e+03 1.056634698150553965e-09 9.936678977267179369e-10
1.730000000000000000e+03 1.048217533059801143e-09 9.857498739202069011e-10
1.740000000000000000e+03 1.039867334143619774e-09 9.778949500964690571e-10
1.750000000000000000e+03 1.031583571839577769e-09 9.701026233306227578e-10
1.760000000000000000e+03 1.023365720657692663e-09 9.623723947060554501e-10
1.770000000000000000e+03 1.015213259153162368e-09 9.547037692825565422e-10
1.780000000000000000e+03 1.007125669899128799e-09 9.470962560647970657e-10
1.790000000000000000e+03 9.991024394594919659e-10 9.395493679709590580e-10
1.800000000000000000e+03 9.911430583617784492e-10 9.320626218015870418e-10
1.810000000000000000e+03 9.832470210700640557e-10 9.246355382087837163e-10
1.820000000000000000e+03 9.754138259579508618e-10 9.172676416655451309e-10
1.830000000000000000e+03 9.676429752816069161e-10 9.099584604353481489e-10
1.840000000000000000e+03 9.599339751528979654e-10 9.027075265420709556e-10
1.850000000000000000e+03 9.522863355125710865e-10 8.955143757399593707e-10
1.860000000000000000e+03 9.446995701035208289e-10 8.883785474839988933e-10
1.870000000000000000e+03 9.371731964441442802e-10 8.812995849004500114e-10
1.880000000000000000e+03 9.297067358017800894e-10 8.742770347576138811e-10
1.890000000000000000e+03 9.222997131662328973e-10 8.673104474368105918e-10
1.900000000000000000e+03 9.149516572233943397e-10 8.603993769036249205e-10
1.910000000000000000e+03 9.076621003289652774e-10 8.535433806793330314e-10
1.920000000000000000e+03 9.004305784822575385e-10 8.467420198126246869e-10
1.930000000000000000e+03 8.932566313001309048e-10 8.399948588514190325e-10
1.940000000000000000e+03 8.861398019910025801e-10 8.333014658150705009e-10
1.950000000000000000e+03 8.790796373289788743e-10 8.266614121666574345e-10
1.960000000000000000e+03 8.720756876281073453e-10 8.200742727855152430e-10
1.970000000000000000e+03 8.651275067167231371e-10 8.135396259401011570e-10
1.980000000000000000e+03 8.582346519119191872e-10 8.070570532608649782e-10
1.990000000000000000e+03 8.513966839941289307e-10 8.006261397135144994e-10
2.000000000000000000e+03 8.446131671818410441e-10 7.942464735724584566e-10
