1.000000000000000000e+01 3.879971565906465497e-09 3.843961228417559574e-09
2.000000000000000000e+01 3.879373933644430338e-09 3.815814784651455035e-09
3.000000000000000000e+01 3.877594775681515264e-09 3.788670578418059685e-09
4.000000000000000000e+01 3.873920418985585823e-09 3.761807224657165280e-09
5.000000000000000000e+01 3.867760495915159670e-09 3.735049835867075978e-09
6.000000000000000000e+01 3.858768717403140488e-09 3.708347174727109651e-09
7.000000000000000000e+01 3.846859487226927137e-09 3.681684182761420111e-09
8.000000000000000000e+01 3.832159994254435446e-09 3.655058304884210212e-09
9.000000000000000000e+01 3.814937041678206886e-09 3.628472112954260744e-09
1.000000000000000000e+02 3.795527890378615386e-09 3.601930650147835363e-09
1.100000000000000000e+02 3.774287926169405045e-09 3.575440288531171726e-09
1.200000000000000000e+02 3.751556983884201936e-09 3.549008129221884922e-09
1.300000000000000000e+02 3.727641064775777652e-09 3.522641630920277484e-09
1.400000000000000000e+02 3.702804863860906674e-09 3.496348356976529091e-09
1.500000000000000000e+02 3.677271019681241871e-09 3.470135796894608137e-09
1.600000000000000000e+02 3.651223059261365882e-09 3.444011240325321577e-09
1.700000000000000000e+02 3.624810038365726225e-09 3.417981689942755896e-09
1.800000000000000000e+02 3.598151669990297402e-09 3.392053803507591205e-09
1.900000000000000000e+02 3.571343276997318997e-09 3.366233857795434727e-09
2.000000000000000000e+02 3.544460247838916676e-09 3.340527728789643129e-09
2.100000000000000000e+02 3.517561876967082003e-09 3.314940883861404750e-09
2.200000000000000000e+02 3.490694583086986969e-09 3.289478382692574139e-09
2.300000000000000000e+02 3.463894554141778445e-09 3.264144884490712348e-09
2.400000000000000000e+02 3.437189891101241187e-09 3.238944659647685229e-09
2.500000000000000000e+02 3.410602327837165918e-09 3.213881604452342003e-09
2.600000000000000000e+02 3.384148600367773714e-09 3.188959257808461202e-09
2.700000000000000000e+02 3.357841530619160042e-09 3.164180819168765436e-09
2.800000000000000000e+02 3.331690880401603933e-09 3.139549167092529427e-09
2.900000000000000000e+02 3.305704022012320729e-09 3.115066877982460821e-09
3.000000000000000000e+02 3.279886463452980145e-09 3.090736244671917982e-09
3.100000000000000000e+02 3.254242258957903658e-09 3.066559294621114955e-09
3.200000000000000000e+02 3.228774329398957190e-09 3.042537807549482487e-09
3.300000000000000000e+02 3.203484712085495492e-09 3.018673332384611600e-09
3.400000000000000000e+02 3.178374755379985517e-09 2.994967203448648721e-09
3.500000000000000000e+02 3.153445270259938121e-09 2.971420555834586105e-09
3.600000000000000000e+02 3.128696648335656285e-09 2.948034339950260907e-09
3.700000000000000000e+02 3.104128953759134482e-09 2.924809335224130367e-09
3.800000000000000000e+02 3.079741994824936582e-09 2.901746162983289011e-09
3.900000000000000000e+02 3.055535379781761292e-09 2.878845298522234796e-09
4.000000000000000000e+02 3.031508560370064688e-09 2.856107082389368062e-09
4.100000000000000000e+02 3.007660865817985631e-09 2.833531730922372856e-09
4.200000000000000000e+02 2.983991529418111260e-09 2.811119346067727615e-09
4.300000000000000000e+02 2.960499709332755600e-09 2.788869924520684077e-09
4.400000000000000000e+02 2.937184504907199944e-09 2.766783366223641074e-09
4.500000000000000000e+02 2.914044969483688350e-09 2.744859482259568882e-09
4.600000000000000000e+02 2.891080120487257384e-09 2.723098002178643620e-09
4.700000000000000000e+02 2.868288947382179230e-09 2.701498580792842805e-09
4.800000000000000000e+02 2.845670417964171993e-09 2.680060804474103088e-09
4.900000000000000000e+02 2.823223483350194277e-09 2.658784196988828777e-09
5.000000000000000000e+02 2.800947081947184558e-09 2.637668224900494210e-09
5.100000000000000000e+02 2.778840142619003223e-09 2.616712302570121366e-09
5.200000000000000000e+02 2.756901587222529865e-09 2.595915796782887980e-09
5.300000000000000000e+02 2.735130332646113004e-09 2.575278031027763987e-09
5.400000000000000000e+02 2.713525292454981631e-09 2.554798289454247677e-09
5.500000000000000000e+02 2.692085378224951523e-09 2.534475820530648472e-09
5.600000000000000000e+02 2.670809500628654421e-09 2.514309840424259578e-09
5.700000000000000000e+02 2.649696570324525995e-09 2.494299536125128232e-09
5.800000000000000000e+02 2.628745498688142274e-09 2.474444068330994910e-09
5.900000000000000000e+02 2.607955198417232372e-09 2.454742574112022582e-09
6.000000000000000000e+02 2.587324584035021611e-09 2.435194169370897618e-09
6.100000000000000000e+02 2.566852572311508819e-09 2.415797951113842577e-09
6.200000000000000000e+02 2.546538082618297029e-09 2.396552999546400711e-09
6.300000000000000000e+02 2.526380037229353047e-09 2.377458380007332954e-09
6.400000000000000000e+02 2.506377361577682419e-09 2.358513144752079294e-09
6.500000000000000000e+02 2.486528984475792507e-09 2.339716334598133502e-09
6.600000000000000000e+02 2.466833838306405592e-09 2.321066980441253209e-09
6.700000000000000000e+02 2.447290859188672551e-09 2.302564104653309108e-09
6.800000000000000000e+02 2.427898987123810406e-09 2.284206722370306500e-09
6.900000000000000000e+02 2.408657166123828590e-09 2.265993842678523003e-09
7.000000000000000000e+02 2.389564344325994198e-09 2.247924469706798477e-09
7.100000000000000000e+02 2.370619474095191451e-09 2.229997603632005740e-09
7.200000000000000000e+02 2.351821512116182527e-09 2.212212241603828974e-09
7.300000000000000000e+02 2.333169419477245862e-09 2.194567378595477630e-09
7.400000000000000000e+02 2.314662161746261460e-09 2.177062008185739372e-09
7.500000000000000000e+02 2.296298709040562165e-09 2.159695123277149455e-09
7.600000000000000000e+02 2.278078036091146860e-09 2.142465716755768589e-09
7.700000000000000000e+02 2.259999122302067075e-09 2.125372782096414868e-09
7.800000000000000000e+02 2.242060951805601174e-09 2.108415313917845472e-09
7.900000000000000000e+02 2.224262513513574291e-09 2.091592308491533545e-09
8.000000000000000000e+02 2.206602801165379066e-09 2.074902764207385769e-09
8.100000000000000000e+02 2.189080813372901474e-09 2.058345681999939727e-09
8.200000000000000000e+02 2.171695553662700833e-09 2.041920065738110731e-09
8.300000000000000000e+02 2.154446030515680974e-09 2.025624922580700814e-09
8.400000000000000000e+02 2.137331257404386574e-09 2.009459263300988538e-09
8.500000000000000000e+02 2.120350252828140131e-09 1.993422102582172263e-09
8.600000000000000000e+02 2.103502040346194539e-09 1.977512459286300634e-09
8.700000000000000000e+02 2.086785648608858240e-09 1.961729356698505092e-09
8.800000000000000000e+02 2.070200111386915556e-09 1.946071822748258288e-09
8.900000000000000000e+02 2.053744467599208197e-09 1.930538890210033619e-09
9.000000000000000000e+02 2.037417761338624039e-09 1.915129596884033028e-09
9.100000000000000000e+02 2.021219041896398449e-09 1.899842985759373192e-09
9.200000000000000000e+02 2.005147363784927097e-09 1.884678105160606510e-09
9.300000000000000000e+02 1.989201786759015400e-09 1.869634008878795310e-09
9.400000000000000000e+02 1.973381375835687428e-09 1.854709756288814958e-09
9.500000000000000000e+02 1.957685201312506719e-09 1.839904412453383808e-09
9.600000000000000000e+02 1.942112338784563254e-09 1.825217048215182384e-09
9.700000000000000000e+02 1.926661869160004188e-09 1.810646740278033708e-09
9.800000000000000000e+02 1.911332878674275837e-09 1.796192571277554659e-09
9.900000000000000000e+02 1.896124458902985088e-09 1.781853629842853306e-09
1.000000000000000000e+03 1.881035706773502681e-09 1.767629010649088792e-09
1.010000000000000000e+03 1.866065724575271532e-09 1.753517814462507598e-09
1.020000000000000000e+03 1.851213619968839958e-09 1.739519148177730359e-09
1.030000000000000000e+03 1.836478505993713897e-09 1.725632124848559588e-09
1.040000000000000000e+03 1.821859501074908591e-09 1.711855863712301684e-09
1.050000000000000000e+03 1.807355729028425143e-09 1.698189490208627056e-09
1.060000000000000000e+03 1.792966319065438531e-09 1.684632135992999617e-09
1.070000000000000000e+03 1.778690405795439243e-09 1.671182938945142762e-09
1.080000000000000000e+03 1.764527129228200309e-09 1.657841043173473267e-09
1.090000000000000000e+03 1.750475634774641500e-09 1.644605599014876088e-09
1.100000000000000000e+03 1.736535073246646932e-09 1.631475763031243233e-09
1.110000000000000000e+03 1.722704600855791420e-09 1.618450698002295692e-09
1.120000000000000000e+03 1.708983379211074204e-09 1.605529572915315438e-09
1.130000000000000000e+03 1.695370575315586243e-09 1.592711562951940938e-09
1.140000000000000000e+03 1.681865361562262019e-09 1.579995849472508209e-09
1.150000000000000000e+03 1.668466915728619910e-09 1.567381619997671072e-09
1.160000000000000000e+03 1.655174420970569296e-09 1.554868068188249789e-09
1.170000000000000000e+03 1.641987065815333823e-09 1.542454393822531578e-09
1.180000000000000000e+03 1.628904044153448427e-09 1.530139802772275754e-09
1.190000000000000000e+03 1.615924555229914503e-09 1.517923506976667464e-09
1.200000000000000000e+03 1.603047803634502450e-09 1.505804724414938842e-09
1.210000000000000000e+03 1.590272999291240689e-09 1.493782679077627165e-09
1.220000000000000000e+03 1.577599357447096313e-09 1.481856600936439633e-09
1.230000000000000000e+03 1.565026098659919348e-09 1.470025725913278763e-09
1.240000000000000000e+03 1.552552448785586711e-09 1.458289295847921339e-09
1.250000000000000000e+03 1.540177638964486488e-09 1.446646558465046994e-09
1.260000000000000000e+03 1.527900905607241421e-09 1.435096767340400320e-09
1.270000000000000000e+03 1.515721490379808078e-09 1.423639181866093121e-09
1.280000000000000000e+03 1.503638640187869189e-09 1.412273067215452961e-09
1.290000000000000000e+03 1.491651607160655036e-09 1.400997694307220097e-09
1.300000000000000000e+03 1.479759648634092534e-09 1.389812339769134576e-09
1.310000000000000000e+03 1.467962027133418523e-09 1.378716285901384365e-09
1.320000000000000000e+03 1.456258010355202440e-09 1.367708820639279858e-09
1.330000000000000000e+03 1.444646871148820783e-09 1.356789237515937486e-09
1.340000000000000000e+03 1.433127887497434025e-09 1.345956835624490175e-09
1.350000000000000000e+03 1.421700342498434341e-09 1.335210919580200408e-09
1.360000000000000000e+03 1.410363524343427627e-09 1.324550799482221527e-09
1.370000000000000000e+03 1.399116726297744859e-09 1.313975790875434098e-09
1.380000000000000000e+03 1.387959246679518352e-09 1.303485214711865591e-09
1.390000000000000000e+03 1.376890388838332227e-09 1.293078397312382814e-09
1.400000000000000000e+03 1.365909461133470874e-09 1.282754670328032183e-09
1.410000000000000000e+03 1.355015776911788970e-09 1.272513370701494140e-09
1.420000000000000000e+03 1.344208654485168121e-09 1.262353840628588023e-09
1.430000000000000000e+03 1.333487417107704877e-09 1.252275427519603035e-09
1.440000000000000000e+03 1.322851392952489908e-09 1.242277483960913126e-09
1.450000000000000000e+03 1.312299915088122902e-09 1.232359367676551152e-09
1.460000000000000000e+03 1.301832321454886244e-09 1.222520441489714573e-09
1.470000000000000000e+03 1.291447954840676547e-09 1.212760073284714525e-09
1.480000000000000000e+03 1.281146162856619568e-09 1.203077635968705484e-09
1.490000000000000000e+03 1.270926297912489094e-09 1.193472507433741249e-09
1.500000000000000000e+03 1.260787717191835478e-09 1.183944070518871872e-09
1.510000000000000000e+03 1.250729782626922898e-09 1.174491712972424429e-09
1.520000000000000000e+03 1.240751860873439132e-09 1.165114827414497204e-09
1.530000000000000000e+03 1.230853323285023155e-09 1.155812811299489440e-09
1.540000000000000000e+03 1.221033545887582007e-09 1.146585066879009114e-09
1.550000000000000000e+03 1.211291909353487514e-09 1.137431001164732319e-09
1.560000000000000000e+03 1.201627798975548638e-09 1.128350025891694646e-09
1.570000000000000000e+03 1.192040604640905239e-09 1.119341557481607788e-09
1.580000000000000000e+03 1.182529720804726426e-09 1.110405017006350272e-09
1.590000000000000000e+03 1.173094546463834037e-09 1.101539830151992546e-09
1.600000000000000000e+03 1.163734485130180956e-09 1.092745427182560057e-09
1.610000000000000000e+03 1.154448944804246296e-09 1.084021242904414649e-09
1.620000000000000000e+03 1.145237337948332353e-09 1.075366716630610519e-09
1.630000000000000000e+03 1.136099081459787740e-09 1.066781292145626550e-09
1.640000000000000000e+03 1.127033596644133109e-09 1.058264417670252077e-09
1.650000000000000000e+03 1.118040309188168689e-09 1.049815545826700751e-09
1.660000000000000000e+03 1.109118649132983171e-09 1.041434133604004406e-09
1.670000000000000000e+03 1.100268050846951020e-09 1.033119642323579803e-09
1.680000000000000000e+03 1.091487952998670020e-09 1.024871537605077241e-09
1.690000000000000000e+03 1.082777798529892408e-09 1.016689289332484966e-09
1.700000000000000000e+03 1.074137034628406171e-09 1.008572371620358284e-09
1.710000000000000000e+03 1.065565112700951707e-09 1.000520262780450681e-09
1.720000000000000000e+03 1.057061488346064036e-09 9.925324452884516501e-10
1.730000000000000000e+03 1.048625621326985945e-09 9.846084057510289208e-10
1.740000000000000000e+03 1.040256975544543700e-09 9.767476348730921655e-10
1.750000000000000000e+03 1.031955019010052335e-09 9.689496274252728075e-10
1.760000000000000000e+03 1.023719223818240992e-09 9.612138822117026478e-10
1.770000000000000000e+03 1.015549066120216939e-09 9.535399020379697151e-10
1.780000000000000000e+03 1.007444026096437030e-09 9.459271936793644570e-10
1.790000000000000000e+03 9.994035879297321034e-10 9.383752678492965362e-10
1.800000000000000000e+03 9.914272397783830803e-10 9.308836391680292644e-10
1.810000000000000000e+03 9.835144737492284964e-10 9.234518261316025307e-10
1.820000000000000000e+03 9.756647858708413091e-10 9.160793510809362609e-10
1.830000000000000000e+03 9.678776760667449958e-10 9.087657401713677340e-10
1.840000000000000000e+03 9.601526481287239513e-10 9.015105233421561212e-10
1.850000000000000000e+03 9.524892096901624227e-10 8.943132342864266719e-10
1.860000000000000000e+03 9.448868721994812583e-10 8.871734104211975135e-10
1.870000000000000000e+03 9.373451508936486892e-10 8.800905928578287277e-10
1.880000000000000000e+03 9.298635647717648336e-10 8.730643263724609836e-10
1.890000000000000000e+03 9.224416365687125822e-10 8.660941593768472874e-10
1.900000000000000000e+03 9.150788927289325602e-10 8.591796438894281317e-10
1.910000000000000000e+03 9.077748633802579577e-10 8.523203355064771601e-10
1.920000000000000000e+03 9.005290823078487236e-10 8.455157933735926983e-10
1.930000000000000000e+03 8.933410869282324675e-10 8.387655801574624602e-10
1.940000000000000000e+03 8.862104182634213572e-10 8.320692620176484180e-10
1.950000000000000000e+03 8.791366209151666395e-10 8.254264085788346851e-10
1.960000000000000000e+03 8.721192430392791283e-10 8.188365929030780884e-10
1.970000000000000000e+03 8.651578363200790429e-10 8.122993914624513412e-10
1.980000000000000000e+03 8.582519559449504847e-10 8.058143841117678992e-10
1.990000000000000000e+03 8.514011605790027240e-10 7.993811540616345882e-10
2.000000000000000000e+03 8.446050123398608367e-10 7.929992878516197255e-10
